7777777777777777777777777777788888878887777777777777777887777777777777777777777777777777777777777766
7777777777777777777777777777778877777777777666555444455456777777777777777777777777777777777777777666
7777777777777777777777777777777777778776653222112222222112235677777777777777777777777777777777777766
7777777777777777777777777777777777776422211112222222222221111245677777777777777777777777777777777766
7777777777777777777777777777777777642111111112222222222111111111237777777777777777777777777777777666
7777777777777777777777777777777754211111111112333333333221111111113577777777777777777777777777776666
7777777777777777777777777777775321111111122333444444443333211111111235667777777777777777777777776666
7777777777777777777777777777631111111123455665555544444323322211111122235677777777777777777777776666
7777777777777777777777777775111111112346767777666655544443332222111112212356777777777777777777766666
7777777777777777777777777521111111135677777777776666655554443222311111111125677777777777777777766666
7777777777777777777777763111111112467777777777777777766655554433331111111112467777777777777777766666
6777777777777777777777521111111134677777777777777777766555554543343211111111256777777777777777776666
7777777777777777777775111111111256777777777777777777766655544444234331111111125677777777777777776666
7777777777777777777751011111111467777777777777777777776665554554223221111111113577777777777777776666
7777777777777777777730111111112577777777777777777777776666555554333421111111112467777777777777766666
7777777777777777777611111111114677777777777777777777776666555555443331111111111357777777777777666666
7777777777777777777411111111136777777777777777777777776776555655444332111111111356777777777777666666
7777777777777777777401111111157777777777777777777777777776655665433442111111111256777777777766666666
7777777777777777777401111111267777777777777777777777777777655666442343121111111356777777777666666666
7777777777777777777301111111477777777777777777777777777777655666443233213111111366777777777666666666
7777777777777777777301111111577777777777777777777777777776554665433322322111111366777777776666666666
7777777777777777777301111111577777777777777777777777777775544656442221131111111466777777776666667776
7777777777777777777201111111577777777777777777777777777776555665453222111111111567777776666777777776
7777777777777777777301111112577777777777777777777777777765554665453222111111103667777776777777777776
7777777777777777777511111112677777777777777777777777777764344555443211112111114667777777777777777776
6777777777777777777720111113677777777777777777777777777752234444442221111111115677777777777777777776
6777777777777777777740111113466677777777777777777765566654333444443111111111026677777777777777777776
7777777777766777777761011112344544444567777777754322345456332334333111111110046777777777777777777776
7777777777766777777772011112443321111257777777642122222335533323323211111110156777777777777777777776
7777777777767777777775000112544322111126777777544555565444422223323311111000367777777777777777777766
7777777777777777777777300112665444333324677777547765555555532222223211111101567777777777777777777666
7777777777777777777777501114775433223554577777557644444334553332113211111002667777777777777777777766
7777777777777777677777720126763221111346677777456454332101443453112321010104677777777777777777777776
6777777777777777777777740146731311111115777776236521211010142453112331000015677777777777777777777766
6777777777777777776777751256410120011114777775115325621210145443112342000016677777777777777777777766
6777777777777677777777762366412553111146777775215677775422113423212342001225677777777777777777667666
6777777777776676777777773566456776432347777774113777777766654555333553115623677777777777777777666666
6776777777766677777777764676777764433367777774111677777777777666534565337644677777777777777777666666
6676777777777777777777754677766644555577777774112577777777766655544555356665777777777777777776666666
6677777776777777777777755677666555666777777764123667777777656655454444246776677777777777777766666666
6677777766677777777777666776666655666777777764122567777777766665565544347777677777777777777666666666
6677777666777777777766666766666665666667777763112477777777666665565555437766677777777777767666666666
6667766667777777776666656765655666666667777753112677777776777666554555437766677777777777766666666666
6666777667777777776666655765656655666666777754111477777777777766565455436776777777777777766766666666
6677667766677777776666665766655665564666677753111167777777777765565554324776777777777777766666666666
6777766666677666777666665666655555642666677763112137777777767765465344325776677777777777766666666666
6677666766666666677666754676665666514667777752003214777777766665544223226777677777777777666666666666
6666666666666666676666754676666566326766666532112211577777766665443222126666577777777777766666666666
6666666667666666676666763677666665246531244322112322267777776665433223114354577777777777666777666666
6666666777666666676666764677666663267510122122112232247777766665443231115544677777777776666676666666
6666666777766666666666775467666542577765676321111122226777765555343221017645677777777776666676666666
6666666677766666666666775467765434777777777764211122224777765555444321126754777777777776666776666666
6666666777766666666666776566665336777777777777542112123676664544322211027524777777777776666776666666
6666666767766666666666776556665347777777776777666421112576554543221110027327777777777776667766666666
6666666777766666666676777666555566777777766676555532232476554544332111023257777777777777667666777776
7666666777766666666667777556545446776764323421112211245566555543332111047777777777777777777777777766
7666667777766666666666677644444445642210111100000010124466655543332111057777777777777777777777777766
7766667777766666666666677654555643310111211111110000012257654544232110167777777777777777777777677776
7766667666766666666766666643555751025522454444320111112257643433322100167777777777777777777777776666
7766666666667666666766666741356753157631465445211111111147532333321100277777777777777777777777767776
7766666666677666666666666741246752477743345333211011122257422332221100377777777777777777777777777776
7766666666677666666765666761136641377763211000000111122266321332232100577777777777777777777777777776
7766666666677666666766666673114521477775211111001111112356332333332101677777777777777777777777777776
7766666666667766666666666676112432677775334566421001122355322333221001677777777777777777777777777776
7766666666677766666676566667312234677777667776354211122223212233131003777777777777777777777777777776
7766666666777666666666666667611123677777777775146552222221222232232115677777777777777777777777777776
7766666667777666666667766666730111477677777776656653122221112222232125577777777777777777777777777776
6766666667777666666666766667762110267667777777776542122221112232232145467777777777777777777777777766
6666666677777666666666766666675110036776666666766421111111111212232154557777777777777777777777777766
6666666777776666666666666666666410001566533433553211111211111111222354546777777777777777777777766766
6677667777776666666666666666665531000112211111321111111111110111221445545777777777777777777777666666
7777777777776666666666666665555541000000111000011111111111111111113434444677777777777777777777666666
7777777777776666666666666555555541110000011000111111111111111110125243444457777777777777777776666666
6777777777777666666655655444444443110101111110111111101111101111143343444445777777777777777766666666
6677777767776665544444444455444444201111122100001111111111111221453344444444567777777777777766666666
6667776666666554444444444544444443311121233111000012111211111114643333444344456777777777777766666666
6666766665554444444444444444444443323332343211011011111111111135233233344334445667777777777766666666
6677765544444444444444333334444444333323454421111111122211111462223333333344344556677777777666666666
6666654444433444444433333334444444443332232111001111112222114622212333333343333344556777777777666666
6655444444444444443333333333344444444332221011011111133332255212212233333333333333333567777776666666
5444434334445545543433333333333444444433321111011111123323641112112233223333333333333345666666666666
4444445445556556544433333333333444454433432321001111112246411212222232222323333333333343345555566666
4445566556676566655443333333343344445444332221001101101562111111222221112323333333333334333444334566
4556666677777766666543334333433334445444431121001111126411111111223332223233333333333333333334333345
5667777777777677765544344433344443344555445222101111463011111111222232223222223333333333333333333333
5666777667777777655554444443334443334455544532111246743211111111212222232222223333333333333333333322
6566666666777766666554444434333444444445555454224676654431110111122222221222223333333333333333333332
5456567667777766666555554444443344445554455545566666544331111111112122211111112233333333333333333322
3444456667777666555555555444444444444565545555555554443332122221112232122211223333333333333333333222
3322235567766655666556665444444444445555555554355555554443333333323332121222233333333333333333333322
2222245556666656666666666654444444445555555553255555555554343443444431123333333333333333333333333322
1112255444566666667777776665545544444555555541155555555554443444434421344444333333333333333333333332
1121243333356776777777767666544555544455555520155555555544444444344123444443333333333333333333333332
2212222222355777777777667776544555555555555411146555555544444443442134444333333333333333333333333332
1222112222344566676666767777544455555555555311036655555444433444420344444343333333333333333333333332
1111112233333446776666776677654445555566555111115555565444434434312444444333333333333333333333333332
1111112222234567777777666666665445555566653111115555565445444444113444433333333333333333333333333332
1111111122344556777777776776666444565566651110255555565444444442024444333333333333333333333333333332
1111111122343356667777766666655444556666621112565655554444444421134444333333333333333333333333333322
1111111223334456666666666666555544556666511266556655555445444311244444333333333333333333333333333322
1111112233354433445666565666555555556676211555644455555444443111344444433333333333333333333333333322
1222222333444333323446555666566555556674112543542455554444431112444444433333333333333333333333333322
2222223334433333321122445655555555567662114644634555554444311113444444443433333333333333333333333322
2222222333333333322222335645555555567741112666545545554443111134444444444333333333333333333333333322
2222222233333333333322233445555555556511114665456555544431111244444444444333333333333333333333333322
1222222223333333343343222345444565553111136766665555444311111344444444444334333333333333333333333332
2222222233334443332343322234344566665211377676655554454111112544455545554333333333333333333333333332
2222222223334443343343322223445556667525777666666665555421124555555555554344333333333333333333333332
2212222223333333445543332223445555667557777766666665554541145555555555544444333333333333333333333332
2222222222333323333433332222344455667566777776666655544553365555555555555444433333333333333333333332
2322222222322223333223222222344455567466677777766655555555555555555555444444333333333333333333333332
1222222223322333432233333333344445556466677777765555555555555555555555554433433333333333333333333332
1222222222333333332233333323344445556566567776665555555556655555555555544444333333333443344444444333
1222222222233322222332233443344445555466557767655555555666665556665555444443333333334444444444444443
1222222232333333222332333334444444545466556666655555566665555566665544444443333333445554544444444443
1222222323333332233323333334444444444455446566555555665555555666555444444444334444555665555555544554
1222223332223332333332333334444444444444445445555555555555555555555555444444444555666665555665555555
1122333322223333444433333333444444454444444445555555555555555555555555554445555666777666566665555665
1113332222333234333323333333444444454444444445555555555555555555666555444555666667766666666555556654
0122211233433233333333323333444444444344444455555555555555555557777666555666666677777776666566666654
0121111223322233333323333333344444444444444445555555555555555567777766566667776777777777666666655554
0111111222222333333322222323353444443444444445555555555555566667777666666677777777777777776666655554
0111111111222233322222223222344444333454444444555555555555566677777776666677777777777777766666655554
0111111111111122222222122222223334454454555555655555555555666677777777666677777777777777777666555554
0111111111111111112211122222222234344554455556666555455666666677777777777777777767777777777766554444
1111111211111111211111111112222333343444555556666765555666666677777777777777777666667777777665455554
1111111211112212222221111111222223333333433566545555554566666777777777677777777777777766666665555543
1111111111112112212221112111122222222232222443345433444445566666755566666777777777777665666665544332
1111111111111111111111111112222222222222223333333333333334333332322356666677777776666666656665543432
